Letter Coordinates post-transformation:
q: [218.75 -70.5    0.  ]
w: [218.75 -57.     0.  ]
e: [218.75 -43.5    0.  ]
r: [218.75 -30.     0.  ]
t: [218.75 -16.5    0.  ]
y: [218.75  -3.     0.  ]
u: [218.75  10.5    0.  ]
i: [218.75  24.     0.  ]
o: [218.75  37.5    0.  ]
p: [218.75  51.     0.  ]
a: [230.25 -63.75   0.  ]
s: [230.25 -50.25   0.  ]
d: [230.25 -36.75   0.  ]
f: [230.25 -23.25   0.  ]
g: [230.25  -9.75   0.  ]
h: [230.25   3.75   0.  ]
j: [230.25  17.25   0.  ]
k: [230.25  30.75   0.  ]
l: [230.25  44.25   0.  ]
z: [241.75 -48.     0.  ]
x: [241.75 -34.5    0.  ]
c: [241.75 -21.     0.  ]
v: [241.75  -7.5    0.  ]
b: [241.75   6.     0.  ]
n: [241.75  19.5    0.  ]
m: [241.75  33.     0.  ]
HOME: [247.5  -77.25 100.  ]
return: [230.25  63.25   0.  ]
 : [276.75   6.     0.  ]
