Letter Coordinates pre-transformation:
q: [ 6.75 28.75  0.  ]
w: [20.25 28.75  0.  ]
e: [33.75 28.75  0.  ]
r: [47.25 28.75  0.  ]
t: [60.75 28.75  0.  ]
y: [74.25 28.75  0.  ]
u: [87.75 28.75  0.  ]
i: [101.25  28.75   0.  ]
o: [114.75  28.75   0.  ]
p: [128.25  28.75   0.  ]
a: [13.5  17.25  0.  ]
s: [27.   17.25  0.  ]
d: [40.5  17.25  0.  ]
f: [54.   17.25  0.  ]
g: [67.5  17.25  0.  ]
h: [81.   17.25  0.  ]
j: [94.5  17.25  0.  ]
k: [108.    17.25   0.  ]
l: [121.5   17.25   0.  ]
z: [29.25  5.75  0.  ]
x: [42.75  5.75  0.  ]
c: [56.25  5.75  0.  ]
v: [69.75  5.75  0.  ]
b: [83.25  5.75  0.  ]
n: [96.75  5.75  0.  ]
m: [110.25   5.75   0.  ]
HOME: [  0   0 100]
return: [140.5   17.25   0.  ]
 : [ 83.25 -29.25   0.  ]
